-56.59975714488845 -32.84954750164738 58.241838359240475
44.776813540797285 -69.04633638141186 -89.68172535586858
-77.25327402241012 22.412734494980732 -91.60027780739135
-76.27097883345803 70.32908579337375 -75.9477010937135
65.66026100208131 -35.763544992636625 -73.83038346437245
-55.10100132158728 19.767695502238016 -79.24153643280518
-52.51224118165244 27.860839162858696 -56.15858373952715
-21.514965383600597 -16.784551467083144 71.15157413449676
-85.93037741004729 -87.50557294407797 19.095637172903515
-81.66129951780712 3.290076278269664 -89.42120175716019
-74.240376513321 -73.74399709790023 88.3231965528304
59.37209278905367 -83.87341925418504 -93.813169785055
-69.33856250175174 -73.19346767672157 48.77493193573251
-70.29554067991398 27.07449824491176 -81.56219883268496
30.115376345015992 -63.628936508422896 -64.07487794887362
-64.38515629091668 -41.464645042647575 61.41600833230672
24.336494912545792 -64.39274857774575 -97.47328249505314
17.727475265660154 -62.64938495054679 -86.14374299956029
-56.246811564160325 -55.008548785094014 45.32950808654953
-58.34842579506288 -59.75477171399943 55.4058536007158
-39.843896711239275 -43.530012278781335 90.73222083607924
-43.08639735683315 -45.626417349353495 32.71522970243065
-42.7838763450118 12.835954618010756 -46.12148415997334
-43.89638669919431 -44.213529041791624 40.973752640086325
-31.860383509480307 -16.736969458072835 -73.17519790841973
17.963635091364715 -36.80241867765841 -78.3555144953999
-23.83014906151228 38.52263047003957 -29.464789754480027
-28.378931794034163 -29.042860971671477 25.570492810482556
-14.940166576200406 10.618481290976614 -14.699360379247235
46.55010427770611 -16.240401860262608 -17.80811082830128
-15.843849155701033 9.014742442336207 -19.251842374677558
-13.93098629610504 -13.868534724900147 98.36165978213995
102.4358946970339 -11.106716519314087 -78.40567775100408
-11.325896518557196 50.042503041403094 -36.66406956614824
-7.91843750047251 29.313310321141557 -33.19799644255937
-8.14581229930241 -7.75353809250875 103.08426399669487
39.852040057137444 0.1309774731152369 -42.36180197783689
2.088895814215496 32.27430462929426 0.6261914934494286
1.4281807016819081 16.130441176101073 1.9475742452481275
1.529652168640251 36.15315085136933 1.4315161951360835
32.39396539673792 -2.4906631466486946 -14.950000000000001
28.39919782158868 18.70030777108367 3.5162414406194995
42.08113484366473 1.862714512999164 -14.950000000000001
28.663262500449772 2.568374577299131 2.596429803844935
15.968765521201846 -0.6124920183702582 -85.81605696443359
4.14635 1.075574911323558 56.95205523582545
1.608435202816393 2.0619398738978236 84.42662576573476
0.3344180880490346 26.639537609819822 -4.3231803349855005
83.07812341612596 4.5915 1.4989976611406952
87.66326059620131 4.762122065 -5.5
4.570645 7.227876934474267 95.532617256196
57.56487048210273 0.16206499890474824 3.0586023054201554
344.11554789673886 17.410255936036094 3.067523027276166
83.52307367475233 4.538198817206526 -1.4640746152082489
6.137351666342843 179.44870245690714 15.461316148982274
17.909192716983494 115.67905065772354 360.4313862180131
14.591454231014515 -52.97095142151958 -52.252008037558014
27.36224783918435 -57.87996349700459 -58.06749436183926
-63.286606915140396 -13.212345710946527 -77.42823242780958
-64.19083995581622 -64.41216334009161 39.81984614677554
-28.203069519012892 -26.554715797737472 12.848602348590946
41.743429253242894 -27.166921582111563 -30.016390861445988
85.44748421195234 -39.41621975695224 -75.24753209220219
-36.88765966389923 33.89930081188045 -87.62207085723645
-5.620930075456431 -5.628464527219751 27.415104923209103
-12.408649986557336 45.583052909165794 -9.18055919394957
8.907394864929069 -9.049849017232495 -14.831439143495501
42.44628172056947 -10.93003511557085 -39.53492972071444
51.830268101062416 -28.309770188274943 -82.35553411636675
31.665664063207583 -32.43910462325215 -45.13363339825618
-26.712105954986257 13.157201847723917 -50.17625126359126
-12.756518110832511 -14.820254875391043 75.97792951488078
92.33028903036582 -25.92047680591437 -71.4338434262408
74.10538715206917 -29.423607839516755 -24.721366973838446
-4.865492499774336 24.175771660385152 -33.32861046815907
6.107660996488207 1.4227984848434136 103.10689105452035
61.604331770862046 9.876782237970493 -80.35337817466461
0.8916615880027847 -8.764228009059726 -10.317251211585594
13.580069473198051 53.91609182150495 -23.057703499822786
33.33319832536588 27.333084496509542 162.74740669567723
101.48624505447827 13.693237899620772 -23.21487554520785
27.508922088271074 119.42336175335242 16.012384780010066
64.99066922824836 147.03622597759886 -27.089692986337777
88.94386481301854 74.70959926860534 172.43928717705361
109.22677252977863 105.84255713874794 160.92963108294603
0.061159275527548296 0.5294951638050893 110.88626227117393
64.60739720745569 110.4991054359995 -51.871226114170746
105.2870340420785 162.83371394329401 7.323433609810268
152.96776019253605 123.62743565438448 245.92008814568794
135.14090827600552 13.43792840377131 -34.12526907479351
22.53044472141964 20.16864231475712 119.75124966240854
44.50253837245136 66.4742835226478 28.736008041466043
215.57002603792859 156.58259699320945 308.38461101454925
247.31051864200074 4.770345 26.657451198555233
141.07360212189718 41.35422733468159 31.07167894243373
202.70616044693466 241.7174027995341 238.60897433126473